#Jacket
14
0 0 1
16500 0 0
33000 0 1
2500 25000 0
16500 25000 0
30500 25000 0
5000 50000 0
16500 50000 0
28000 50000 0
7500 75000 0
25500 75000 0
7500 93000 0
16500 93000 0
25500 93000 0
23
0 1 210000 0
1 2 210000 0
0 3 210000 0
3 1 210000 0
1 5 210000 0
5 2 210000 0
3 4 210000 0
4 5 210000 0
3 6 210000 0
6 4 210000 0
4 8 210000 0
8 5 210000 0
6 7 210000 0
7 8 210000 0
6 9 210000 0
9 7 210000 0
7 10 210000 0
10 8 210000 0
9 10 210000 0
9 11 69000 1
10 13 69000 1
11 12 69000 2
12 13 69000 2
9
11 11 3000 3000 21 1
12 12 1000 1000 21 1
13 13 3000 3000 22 1
6 9 180 540 14 1
3 6 0 180 8 1
10 8 540 180 17 -1
5 8 180 0 11 -1
7 10 180 540 16 1
9 7 540 180 15 -1
3
0 1500 120 0 0
1 600 50 20 550
1 625 120 40 210


# Fast innspent bjelke
3
0 0 1
500 0 0
1000 0 1
2
0 1 1 4
1 2 1 4
4
0 1 1 1 0 1
1 2 1 1 1 1
1 1 1 1 0 1
1 1 1 1 1 1





# Portalramme
4
0 0 1
0 1000 0
1000 1000 0
1000 0 1
3
0 1 1 4
1 2 1 4
2 3 1 4
1
1 1 1 1 0 1  
