1     2    0               0          1
2     3    0               0          2
1     4    0               0          3
2     4    0               0          4
2     6    0               0          5
3     6    0               0          6
4     5    1.8e+08         0          7
5     6    0               0          8
4     7    1.8e+08        5.4e+08     9
5     7                               10
5     9                               11
6     9    1.8e+08        5.4e+08     12
7     8                               13
8     9                               14
7     10   1.8e+08        5.4e+08     15
8     10                              16
8     11                              17
9     11   1.8e+08        5.4e+08     18
10    11                              19
10    12   3.0e+06                    20
11    14   3.0e+06                    21
12    13   1.0e+06                    22
13    14   3.0e+06                    23